Thesis project provisory header
IAGA CODE VSS
Latitude -22.4
Longitude -43.65
Elevation 457.0
Data denoise: No
External field reduction: No
CHAOS model correction: Yes

Date	VSSX	VSSY	VSSZ
2010-01-15	17409.263	-7023.135	-13921.191
2010-02-14	17401.461	-7022.334	-13928.191
2010-03-15	17391.959	-7023.626	-13936.306
2010-04-15	17378.141	-7022.424	-13943.828
2010-05-15	17369.103	-7018.594	-13951.591
2010-06-15	17361.025	-7021.436	-13959.516
2010-07-15	17353.665	-7023.208	-13968.949
2010-08-15	17345.669	-7021.554	-13979.673
2010-09-15	17340.82	-7021.809	-13987.163
2010-10-15	17333.26	-7021.679	-13995.883
2010-11-15	17326.642	-7020.958	-14006.448
2010-12-15	99999.0	99999.0	99999.0
2011-01-15	17310.094	-7019.36	-14029.602
2011-02-14	17302.206	-7019.28	-14034.638
2011-03-15	17292.271	-7020.464	-14039.823
2011-04-15	17279.477	-7018.93	-14048.628
2011-05-15	17269.697	-7014.809	-14056.319
2011-06-15	17259.621	-7015.106	-14064.092
2011-07-15	17252.948	-7013.27	-14072.481
2011-08-15	17240.881	-7016.991	-14084.257
2011-09-15	17243.421	-7013.329	-14091.462
2011-10-15	17237.619	-7013.147	-14098.301
2011-11-15	17233.914	-7014.228	-14107.333
2011-12-15	17221.723	-7011.444	-14118.642
2012-01-15	99999.0	99999.0	99999.0
2012-02-14	17202.035	-7009.101	-14133.883
2012-03-15	99999.0	99999.0	99999.0
2012-04-15	17176.598	-7009.859	99999.0
2012-05-15	17168.067	-7007.452	-14154.647
2012-06-15	17159.979	-7007.263	-14163.131
2012-07-15	17150.683	-7007.873	-14171.667
2012-08-15	17145.833	-7006.342	-14181.53
2012-09-15	17141.69	-7006.454	-14189.953
2012-10-15	17135.251	-7007.65	-14196.858
2012-11-15	99999.0	99999.0	99999.0
2012-12-15	99999.0	99999.0	99999.0
2013-01-15	17111.064	-7004.962	-14225.616
2013-02-14	17103.514	-7002.714	-14232.338
2013-03-15	17093.967	-7006.477	-14237.535
2013-04-15	17083.003	-7003.674	-14241.457
2013-05-15	17071.26	-7000.816	-14250.497
2013-06-15	17064.404	-7003.126	-14259.322
2013-07-15	17056.129	-7003.31	-14268.345
2013-08-15	17050.353	-7003.584	-14276.784
2013-09-15	17047.479	-7003.233	-14284.663
2013-10-15	17043.282	-7004.556	-14291.553
2013-11-15	17036.402	-7004.669	-14302.039
2013-12-15	17028.646	-7002.514	-14312.593
2014-01-15	17021.554	-7002.34	-14320.282
2014-02-14	17013.916	-7003.86	-14327.234
2014-03-15	17005.93	-7004.417	-14330.426
2014-04-15	16990.673	-7003.313	-14338.877
2014-05-15	16978.061	-7002.183	-14345.105
2014-06-15	16971.453	-7001.413	-14353.692
2014-07-15	16964.593	-7000.99	-14362.789
2014-08-15	16958.032	-7001.123	-14372.158
2014-09-15	99999.0	99999.0	99999.0
2014-10-15	16952.096	-7002.076	-14389.993
2014-11-15	16947.946	-7001.552	-14402.329
2014-12-15	16939.799	-6998.596	-14415.362
2015-01-15	16928.876	-6996.021	-14423.633
2015-02-14	16921.448	-6998.207	-14427.808
2015-03-15	16910.559	-6998.366	-14434.195
2015-04-15	16898.855	-6997.686	-14442.943
2015-05-15	16888.546	-6995.185	-14452.029
2015-06-15	16881.092	-6994.913	-14460.571
2015-07-15	16872.631	-6992.929	-14470.585
2015-08-15	16867.558	-6992.095	-14481.677
2015-09-15	16861.15	-6991.36	-14491.477
2015-10-15	99999.0	99999.0	99999.0
2015-11-15	16851.08	-6989.168	-14512.167
2015-12-15	16841.964	-6987.651	-14524.821
2016-01-15	16834.019	-6988.074	-14534.353
2016-02-14	16825.59	-6987.499	-14541.356
2016-03-15	16814.632	-6986.896	-14547.78
2016-04-15	16803.181	-6984.97	-14556.373
2016-05-15	16792.795	-6983.376	-14564.493
2016-06-15	16785.586	-6981.624	-14573.102
2016-07-15	16778.78	-6981.027	-14583.178
2016-08-15	16770.746	-6980.597	-14592.984
2016-09-15	16766.327	-6980.506	-14602.328
2016-10-15	16758.415	-6979.165	-14611.354
2016-11-15	16753.51	-6977.795	-14624.101
2016-12-15	16745.848	-6975.274	-14635.22
2017-01-15	16737.111	-6974.666	-14645.507
2017-02-14	16727.824	-6973.987	-14653.379
2017-03-15	16717.813	-6972.517	-14658.852
2017-04-15	16706.959	-6972.711	-14665.568
2017-05-15	16697.463	-6969.796	-14674.805
2017-06-15	16690.713	-6968.417	-14683.72
2017-07-15	16682.094	-6967.654	-14693.112
2017-08-15	16676.269	-6967.664	-14704.44
2017-09-15	16669.792	-6967.054	-14712.42
2017-10-15	16663.016	-6965.843	-14720.293
2017-11-15	16656.469	-6963.839	-14734.349
2017-12-15	16648.225	-6960.205	-14743.929
2018-01-15	16641.689	-6960.438	-14755.504
2018-02-14	16630.01	-6958.399	-14762.787
2018-03-15	16621.52	-6958.138	-14768.134
2018-04-15	16611.237	-6955.296	-14778.018
2018-05-15	16600.969	-6953.82	-14786.055
2018-06-15	16593.111	-6952.11	-14794.552
2018-07-15	16586.731	-6950.54	-14803.939
2018-08-15	16578.93	-6949.305	-14815.276
2018-09-15	16571.87	-6947.905	-14824.385
2018-10-15	16564.604	-6946.791	-14833.068
2018-11-15	16558.869	-6944.704	-14845.818
2018-12-15	16549.817	-6941.262	-14858.232
2019-01-15	16540.945	-6938.779	-14868.067
2019-02-14	16532.566	-6938.447	-14875.99
2019-03-15	16522.689	-6937.671	-14883.75
2019-04-15	16512.193	-6935.609	-14890.524
2019-05-15	16501.829	-6933.385	-14899.957
2019-06-15	16493.601	-6931.088	-14909.181
2019-07-15	16485.768	-6930.101	-14919.766
2019-08-15	16477.911	-6928.299	-14929.871
2019-09-15	16472.685	-6927.388	-14939.79
2019-10-15	16466.257	-6925.875	-14947.083
2019-11-15	16458.595	-6923.199	-14958.873
2019-12-15	16451.058	-6921.086	-14968.29
2020-01-15	16442.94	-6917.283	-14979.544
2020-02-14	16432.758	-6917.402	-14987.808
2020-03-15	16420.965	-6916.541	-14992.813
2020-04-15	16412.986	-6914.104	-15000.92
2020-05-15	99999.0	99999.0	99999.0
